1 0 6
2 1 1
3 2 9
4 3 6
5 4 3
6 5 1
7 6 3
8 7 6
9 8 6
10 9 1
11 10 2
12 11 1
13 12 6
14 13 9
15 14 9
16 15 2
17 16 1
18 17 1
19 18 9
20 19 2
21 20 3
22 21 1
23 22 6
24 23 1
25 24 1
26 25 2
27 26 2
28 27 1
29 28 9
30 29 2
31 30 3
32 31 3
33 32 9
34 33 2
35 34 9
36 35 6
37 36 6
38 37 9
39 38 9
40 39 2
41 40 1
42 41 6
43 42 2
44 43 1
45 44 1
46 45 6
47 46 6
48 47 9
49 48 9
50 49 2
51 50 3
52 51 3
53 52 2
54 53 3
55 54 9
56 55 2
57 56 3
58 57 3
59 58 3
60 59 9
61 60 1
62 61 3
63 62 1
64 63 9
65 64 9
66 65 1
67 66 2
68 67 3
69 68 9
70 69 3
71 70 1
72 71 6
73 72 9
74 73 6
75 74 3
76 75 2
77 76 1
78 77 1
79 78 3
80 79 3
81 80 2
82 81 9
83 82 9
84 83 6
85 84 2
86 85 1
87 86 3
88 87 9
89 88 6
90 89 6
91 90 3
92 91 6
93 92 3
94 93 6
95 94 6
96 95 1
97 96 9
98 97 2
99 98 1
100 99 3
